0 0 0 0 0 0 0 0 0 0 0 0 0 0 0 0 0 0 0 0 0 0 0 0 0 0 0 0 0 0 0 0 0 0 0 0 0 0
0 4A 4 4 4 4 4 4 4 4 4 4 4 4|15 4|15 4|15 4|15 4|15 4|15 4|15 4|15 4|15 4|14 4|13 4|12 4|11 4|10 4|9 4|8 4|7 4|6 4|5 4 4 4 4 4A 0
0 4 4 4 4 4 4 4 4 4 4 4 4 4|15 4|15|15.5A 4|15 4 4 4 4 4 4 4 4 4 4 4 4 4 4 4 4 4 4 4 4 4 0
0 4A 4 4 3 3 3 3 3 3 3 4 5 5|15 5|15 5|15 5 5 5 4 3 3 3 3 3 3 3 4 5 5 5 5 5 5 5 4 4A 0
0 4 4 4 3 2 2 2 2 2 3 4 5 6 6 6 6 6 5 4 3 2 2 2 2 2 3 4 5 6 6 6 6 6 5 4 4 0
0 4A 4 4 3 2 1 1 1 2 3 4 5 6 7 7 7 6 5 4 3 2 1 1 1 2 3 4 5 6 7 7 7 6 5 4 4A 0
0 4 4 4 3 2 1 0 1 2 3 4 5 6 7 7|7.5A 7 6 5 4 3 2 1 0 1 2 3 4 5 6 7 8 7 6 5 4 4 0
0 4A 4 4 3 2 1 1 1 2 3 4 5 6 7 7 7 6 5 4 3 2 1 1 1 2 3 4 5 6 7 7 7 6 5 4 4A 0
0 4 4 4 3 2 2 2 2 2 3 4 5 6 6 6 6 6 5 4 3 2 2 2 2 2 3 4 5 6 6 6 6 6 5 4 4 0
0 4A 4 4 3 3 3 3 3 3 3 4 5 5 5 5 5 5 5 4 3 3 3 3 3 3 3 4 5 5 5 5 5 5 5 4 4A 0
0 4 4 4 4 4 4 4 4 4 4 4 4 4 4 4 4 4 4 4 4 4 4 4 4 4 4 4 4 4 4 4 4 4 4 4 4 0
0 4A 4 4 5 5 5 5 5 5 5 4 3 3 3 3 3 3 3|4H 4 5 5 5 5 5 5 5 4 4 4 4 3 4 4 4 4 4A 0
0 4 4 4 5 6 6 6 6 6 5 4 3 3 3 3 3 3 3|4H 4 5 5 5 5 5 5 5 4 4 4 4 2 4 4 4 4 4 0
0 4A 4 4 5 6 6 6 6 6 5 4 3 3 3 3 3 3 3|4H 4 5 5 5 5 5 5 5 4 4 4 4 1 4 4 4 4 4A 0
0 4 4 4 5 6 6 6 6 6 5 4 3 3 3 3 3 3 3|4H 4 5 5 5 5|7S 5 5 5 4 4 4 4 0 4 4 4 4 4 0
0 4A 4 4 5 6 6 6 6 6 5 4 3 3 3 3 3 3 3|4H 4 5 5 5 5 5 5 5 4 4 4 4 1 4 4 4 4 4A 0
0 4 4 4 5 6 6 6 6 6 5 4 3 3 3 3 3 3 3|4H 4 5 5 5 5 5 5 5 4 4 4 4 2 4 4 4 4 4 0
0 4A 4 4 5 5 5 5 5 5 5 4 3 3 3 3 3 3 3|4H 4 5 5 5 5 5 5 5 4 4 4 4 3 4 4 4 4 4A 0
0 4 4 4 4 4 4 4 4 4 4 4 4 4 4 4 4 4 4 4 4 4 4 4|5|6|7|8|9|10|11|12|13|14|15 4 4 4 4 4 4 4 4 4 4 4 4 4 0
0 4A 4 4 3 3 3 3 3 3 3 4 5 5 5 5 5 5 5 4 3 3 3 3 3 3 3 4 5 5 5 5 5 5 5 4 4A 0
0 4 4 4 3 2 2 2 2 2 3 4 5 6 6 6 6 6 5 4 3 2 2 2 2 2 3 4 5 6 6 6 6 6 5 4 4 0
0 4A 4 4 3 2 1 1 1 2 3 4 5 6 7 7 7 6 5 4 3 2 1 1 1 2 3 4 5 6 7 7 7 6 5 4 4A 0
0 4 4 4 3 2 1 0 1 2 3 4 5 6 7 7|8B 7 6 5 4 3 2 1 0 1 2 3 4 5 6 7 7|8C 7 6 5 4 4 0
0 4A 4 4 3 2 1 1 1 2 3 4 5 6 7 7 7 6 5 4 3 2 1 1 1 2 3 4 5 6 7 7 7 6 5 4 4A 0
0 4 4 4 3 2 2 2 2 2 3 4 5 6 6 6 6 6 5 4 3 2 2 2 2 2 3 4 5 5|6 5|6 5|6 5|6 5|6 5 4 4 0
0 4A 4 4 3 3 3 3 3 3 3 4 5 5 5 5 5 5 5 4 3 3 3 3 3 3 3 4 5 5 5 5 5 5 5 4 4A 0
0 4 4 4 4 4 4 4 4 4 4 4 4 4 4 4 4 4 4 4 4 4 4 4 4 4 4 4 4 4 4 4 4 4 4 4 4 0
0 4A 4 4 5 5 5 5 5 5 5 4 3 3 3 3 3 3 3 4 5 5 5 5 5 5 5 4 4 4 4 4 4 4 4 4 4A 0
0 4 4 4 5 6 6 6 6 6 5 4 3 2 2 2 2 2 3 4 5 6 6 6 6 6 5 4 4 4 4 4 4 4 4 4 4 0
0 4A 4 4 5 6 7 7 7 6 5 4 3 2 1 1 1 2 3 4 5 6 7 7 7 6 5 4 4 4 4 4 4 4 4 4 4A 0
0 4 4 4 5 6 7 8 7 6 5 4 3 2 1 0 1 2 3 4 5 6 7 8 7 6 5 4 4 4|7 4|5|6|7|8 4|9 4|10 4|9 4|5|6|7|8 4|7 4 0
0 4A 4 4 5 6 7 7 7 6 5 4 3 2 1 1 1 2 3 4 5 6 7 7 7 6 5 4 4 4|7 4|5|6|7|8 4|9 4|10|5P 4|9 4|5|6|7|8 4|7 4A 0
0 4 4 4 5 6 6 6 6 6 5 4 3 2 2 2 2 2 3 4 5 6 6 6 6 6 5 4 4 4|7 4|5|6|7|8 4|9 4|10 4|9 4|5|6|7|8 4|7 4 0
0 4A 4 4 5 5 5 5 5 5 5 4 3 3 3 3 3 3 3 4 5 5 5 5 5 5 5 4 4 4|7 4|5|6|7|8 4|5|6|7|8|9 4|5|6|7|8|9|10 4|5|6|7|8|9 4|5|6|7|8 4|7 4A 0
0 4 4 4 4 4 4 4 4 4 4 4 4 4 4 4 4 4 4 4 4 4 4 4 4 4 4 4 4 4 4 4 4 4 4 4 4 0
0 4A 4 4 4 4 4 4 4 4 4 4 4 4 4 4 4 4 4 4 4 4 4 4 4 4 4 4 4 4 4 4 4 4 4 4 4A 0
0 4 4 4 4 4 4 4 4 4 4 4 4 4 4 4 4 4 4 4 4 4 4 4 4 4 4 4 4 4 4 4 4 4 4 4 4 0
0 4A 4 4 4 4 4 4 4 4 4 4 4 4 4 4 4 4 4 4 4 4 4 4 4 4 4 4 4 4 4 4 4 4 4 4 4A 0
0 4 4 4 4 4 4 4 4 4 4 4 4 4 4 4 4 4 4 4 4 4 4 4 4 4 4 4 4 4 4 4 4 4 4 4 4 0
0 4A 4 4 4 4 4 4 4 4 4 4 4 4 4 4 4 4 4 4 4 4 4 4 4 4 4 4 4 4 4 4 4 4 4 4 4A 0
0 4 4 4 4 4 4 4|7 4|6|9|10 4|6 4|6|9|10 4|7 4 4 4 4 4 4 4 4 4 4 4 4 4 4 4 4 4 4 4 4 4 4 4 4 4 0
0 4A 4 4 4 4 4 4|7 4|6|9|10 4|6 4|6|9|10 4|7 4 4 4 4 4 4 4 4 4 4 4 4 4 4 4 4 4 4 4 4 4 4 4 4 4A 0
0 4 4 4 4 4 4 4|7 4|6|9|10 4|6 4|6|9|10 4|7 4 4 4 4 4 4 4 4 4 4 4 4 4 4 4 4 4 4 4 4 4 4 4 4 4 0
0 4A 4 4 4 4 4 4 4 4 4 4 4 4 4 4 4 4 4 4 4 4 4 4 4 4 4 4 4 4 4 4 4 4 4 4 4A 0
0 4 4 4 4 4 4 4 4 4 4 4 4 4 4 4 4 4 4 4 4 4 4 4 4 4 4 4 4 4 4 4 4 4 4 4 4 0
0 4A 4 4 4 4 4 4 4 4 4 4 4 4 4 4 4 4 4 4 4 4 4 4 4 4 4 4 4 4 4 4 4 4 4 4 4A 0
0 4 4 4 4 4 4 4 4 4 4 4 4 4 4 4 4 4 4 4 4 4 4 4 4 4 4 4 4 4 4 4 4 4 4 4 4 0
0 4 4 4 4 4 4 4 4 4 4 4 4 4 4 4 4 4 4 4 4 4 4 4 4 4 4 4 4 4 4 4 4 4 4 4 4 0
0 4 4 4 4 4 4 4 4 4 4 4 4 4 4 4 4 4 4 4 4 4 4 4 4 4 4 4 4 4 4 4 4 4 4 4 4 0
0 4 4 4 4 4 4 4 4 4 4 4 4 4 4 4 4 4 4 4 4 4 4 4 4 4 4 4 4 4 4 4 4 4 4 4 4 0
0 4 4 4 4 4 4 4 4 4 4 4 4 4 4 4 4 4 4 4 4 4 4 4 4 4 4 4 4|7D 4 4 4 4 4 4 4 4 0
0 4 4 4 4 4 4 4 4 4 4 4 4 4 4 4 4 4 4 4 4 4 4 4 4 4 4 4 4 4 4 4 4 4 4 4 4 0
0 4 4 4 4 4 4 4 4 4 4 4 4 4 4 4 4 4 4 4 4 4 4 4 4 4 4 4 4 4 4 4 4 4 4 4 4 0
0 4 4 4 4 4 4 4 4 4 4 4 4 4 4 4 4 4 4 4 4 4 4 4 4 4 4 4 4 4 4 4 4 4 4 4 4 0
0 4 4A 4 4A 4 4A 4 4A 4 4A 4 4A 4 4A 4 4A 4 4A 4 4A 4 4A 4 4A 4 4A 4 4A 4 4A 4 4A 4 4A 4 0